1.1	1.500	0.425
1.2	1.510	0.425
1.3	1.520	0.425
1.4	1.530	0.425
1.5	1.540	0.425
1.6	1.550	0.425
1.7	1.560	0.425
1.8	1.570	0.425
1.9	1.580	0.425
1.10	1.590	0.425
1.11	1.600	0.425
1.12	1.610	0.425
1.13	1.620	0.425
1.14	1.630	0.425
1.15	1.640	0.425
1.16	1.650	0.425
1.17	1.660	0.425
1.18	1.670	0.425
1.19	1.680	0.425
1.20	1.690	0.425
1.21	1.700	0.425
1.22	1.710	0.425
1.23	1.720	0.425
1.24	1.730	0.425
1.25	1.740	0.425
1.26	1.750	0.425
1.27	1.760	0.425
1.28	1.770	0.425
1.29	1.780	0.425
1.30	1.790	0.425
1.31	1.800	0.425
1.32	1.810	0.425
1.33	1.820	0.425
1.34	1.830	0.425
1.35	1.840	0.425
1.36	1.850	0.425
1.37	1.860	0.425
1.38	1.870	0.425
1.39	1.880	0.425
1.40	1.890	0.425
1.41	1.900	0.425
1.42	1.910	0.425
1.43	1.920	0.425
1.44	1.930	0.425
1.45	1.940	0.425
1.46	1.950	0.425
1.47	1.960	0.425
1.48	1.970	0.425
1.49	1.980	0.425
1.50	1.990	0.425
1.51	2.000	0.425
1.52	2.010	0.425
1.53	2.020	0.425
1.54	2.030	0.425
1.55	2.040	0.425
1.56	2.050	0.425
1.57	2.060	0.425
1.58	2.070	0.425
1.59	2.080	0.425
1.60	2.090	0.425
1.61	2.100	0.425
1.62	2.110	0.425
1.63	2.120	0.425
1.64	2.130	0.425
1.65	2.140	0.425
1.66	2.150	0.425
1.67	2.160	0.425
1.68	2.170	0.425
1.69	2.180	0.425
1.70	2.190	0.425
1.71	2.200	0.425
1.72	2.210	0.425
1.73	2.220	0.425
1.74	2.230	0.425
1.75	2.240	0.425
1.76	2.250	0.425
1.77	2.260	0.425
1.78	2.270	0.425
1.79	2.280	0.425
1.80	2.290	0.425
1.81	2.300	0.425
1.82	2.310	0.425
1.83	2.320	0.425
1.84	2.330	0.425
1.85	2.340	0.425
1.86	2.350	0.425
1.87	2.360	0.425
1.88	2.370	0.425
1.89	2.380	0.425
1.90	2.390	0.425
1.91	2.400	0.425
1.92	2.410	0.425
1.93	2.420	0.425
1.94	2.430	0.425
1.95	2.440	0.425
1.96	2.450	0.425
1.97	2.460	0.425
1.98	2.470	0.425
1.99	2.480	0.425
1.100	2.490	0.425
1.101	2.500	0.425
1.102	2.510	0.425
1.103	2.520	0.425
1.104	2.530	0.425
1.105	2.540	0.425
1.106	2.550	0.425
1.107	2.560	0.425
1.108	2.570	0.425
1.109	2.580	0.425
1.110	2.590	0.425
1.111	2.600	0.425
1.112	2.610	0.425
1.113	2.620	0.425
1.114	2.630	0.425
1.115	2.640	0.425
1.116	2.650	0.425
1.117	2.660	0.425
1.118	2.670	0.425
1.119	2.680	0.425
1.120	2.690	0.425
1.121	2.700	0.425
1.122	2.710	0.425
1.123	2.720	0.425
1.124	2.730	0.425
1.125	2.740	0.425
1.126	2.750	0.425
1.127	2.760	0.425
1.128	2.770	0.425
1.129	2.780	0.425
1.130	2.790	0.425
1.131	2.800	0.425
1.132	2.810	0.425
1.133	2.820	0.425
1.134	2.830	0.425
1.135	2.840	0.425
1.136	2.850	0.425
1.137	2.860	0.425
1.138	2.870	0.425
1.139	2.880	0.425
1.140	2.890	0.425
1.141	2.900	0.425
1.142	2.910	0.425
1.143	2.920	0.425
1.144	2.930	0.425
1.145	2.940	0.425
1.146	2.950	0.425
1.147	2.960	0.425
1.148	2.970	0.425
1.149	2.980	0.425
1.150	2.990	0.425
1.151	3.000	0.425
1.152	3.010	0.425
1.153	3.020	0.425
1.154	3.030	0.425
1.155	3.040	0.425
1.156	3.050	0.425
1.157	3.060	0.425
1.158	3.070	0.425
1.159	3.080	0.425
1.160	3.090	0.425
1.161	3.100	0.425
1.162	3.110	0.425
1.163	3.120	0.425
1.164	3.130	0.425
1.165	3.140	0.425
1.166	3.150	0.425
1.167	3.160	0.425
1.168	3.170	0.425
1.169	3.180	0.425
1.170	3.190	0.425
1.171	3.200	0.425
1.172	3.210	0.425
1.173	3.220	0.425
1.174	3.230	0.425
1.175	3.240	0.425
1.176	3.250	0.425
1.177	3.260	0.425
1.178	3.270	0.425
1.179	3.280	0.425
1.180	3.290	0.425
1.181	3.300	0.425
1.182	3.310	0.425
1.183	3.320	0.425
1.184	3.330	0.425
1.185	3.340	0.425
1.186	3.350	0.425
1.187	3.360	0.425
1.188	3.370	0.425
1.189	3.380	0.425
1.190	3.390	0.425
1.191	3.400	0.425
1.192	3.410	0.425
1.193	3.420	0.425
1.194	3.430	0.425
1.195	3.440	0.425
1.196	3.450	0.425
1.197	3.460	0.425
1.198	3.470	0.425
1.199	3.480	0.425
1.200	3.490	0.425
1.201	3.500	0.425
1.202	3.510	0.425
1.203	3.520	0.425
1.204	3.530	0.425
1.205	3.540	0.425
1.206	3.550	0.425
1.207	3.560	0.425
1.208	3.570	0.425
1.209	3.580	0.425
1.210	3.590	0.425
1.211	3.600	0.425
1.212	3.610	0.425
1.213	3.620	0.425
1.214	3.630	0.425
1.215	3.640	0.425
1.216	3.650	0.425
1.217	3.660	0.425
1.218	3.670	0.425
1.219	3.680	0.425
1.220	3.690	0.425
1.221	3.700	0.425
1.222	3.710	0.425
1.223	3.720	0.425
1.224	3.730	0.425
1.225	3.740	0.425
1.226	3.750	0.425
1.227	3.760	0.425
1.228	3.770	0.425
1.229	3.780	0.425
1.230	3.790	0.425
1.231	3.800	0.425
1.232	3.810	0.425
1.233	3.820	0.425
1.234	3.830	0.425
1.235	3.840	0.425
1.236	3.850	0.425
1.237	3.860	0.425
1.238	3.870	0.425
1.239	3.880	0.425
1.240	3.890	0.425
1.241	3.900	0.425
1.242	3.910	0.425
1.243	3.920	0.425
1.244	3.930	0.425
1.245	3.940	0.425
1.246	3.950	0.425
1.247	3.960	0.425
1.248	3.970	0.425
1.249	3.980	0.425
1.250	3.990	0.425
1.251	4.000	0.425
1.252	4.010	0.425
1.253	4.020	0.425
1.254	4.030	0.425
1.255	4.040	0.425
1.256	4.050	0.425
1.257	4.060	0.425
1.258	4.070	0.425
1.259	4.080	0.425
1.260	4.090	0.425
1.261	4.100	0.425
1.262	4.110	0.425
1.263	4.120	0.425
1.264	4.130	0.425
1.265	4.140	0.425
1.266	4.150	0.425
1.267	4.160	0.425
1.268	4.170	0.425
1.269	4.140	0.425
1.270	4.150	0.425
1.271	4.160	0.425
1.272	4.170	0.425
1.273	4.180	0.426
1.274	4.190	0.426
1.275	4.200	0.426
1.276	4.210	0.427
1.277	4.220	0.427
1.278	4.230	0.428
1.279	4.240	0.428
1.280	4.250	0.429
1.281	4.260	0.430
1.282	4.270	0.431
1.283	4.280	0.432
1.284	4.290	0.432
1.285	4.300	0.434
1.286	4.310	0.435
1.287	4.320	0.436
1.288	4.329	0.437
1.289	4.339	0.438
1.290	4.349	0.440
1.291	4.359	0.441
1.292	4.369	0.443
1.293	4.379	0.444
1.294	4.389	0.446
1.295	4.399	0.447
1.296	4.409	0.449
1.297	4.418	0.451
1.298	4.428	0.453
1.299	4.438	0.455
1.300	4.448	0.457
1.301	4.458	0.459
1.302	4.467	0.461
1.303	4.477	0.463
1.304	4.487	0.466
1.305	4.497	0.468
1.306	4.506	0.470
1.307	4.516	0.473
1.308	4.526	0.475
1.309	4.535	0.478
1.310	4.545	0.481
1.311	4.555	0.483
1.312	4.564	0.486
1.313	4.574	0.489
1.314	4.583	0.492
1.315	4.593	0.495
1.316	4.602	0.498
1.317	4.612	0.501
1.318	4.621	0.504
1.319	4.631	0.508
1.320	4.640	0.511
1.321	4.650	0.514
1.322	4.659	0.518
1.323	4.668	0.521
1.324	4.678	0.525
1.325	4.687	0.528
1.326	4.696	0.532
1.327	4.706	0.536
1.328	4.715	0.540
1.329	4.724	0.543
1.330	4.733	0.547
1.331	4.742	0.551
1.332	4.752	0.555
1.333	4.761	0.559
1.334	4.770	0.564
1.335	4.779	0.568
1.336	4.788	0.572
1.337	4.797	0.577
1.338	4.806	0.581
1.339	4.815	0.585
1.340	4.824	0.590
1.341	4.833	0.595
1.342	4.842	0.599
1.343	4.850	0.604
1.344	4.859	0.609
1.345	4.868	0.613
1.346	4.877	0.618
1.347	4.885	0.623
1.348	4.894	0.628
1.349	4.903	0.633
1.350	4.911	0.638
1.351	4.920	0.644
1.352	4.928	0.649
1.353	4.937	0.654
1.354	4.945	0.659
1.355	4.954	0.665
1.356	4.962	0.670
1.357	4.970	0.676
1.358	4.979	0.681
1.359	4.987	0.687
1.360	4.995	0.693
1.361	5.003	0.698
1.362	5.012	0.704
1.363	5.020	0.710
1.364	5.028	0.716
1.365	5.036	0.722
1.366	5.044	0.728
1.367	5.052	0.734
1.368	5.060	0.740
1.369	5.068	0.746
1.370	5.075	0.752
1.371	5.083	0.759
1.372	5.091	0.765
1.373	5.099	0.771
1.374	5.106	0.778
1.375	5.114	0.784
1.376	5.122	0.791
1.377	5.129	0.797
1.378	5.137	0.804
1.379	5.144	0.811
1.380	5.151	0.817
1.381	5.159	0.824
1.382	5.166	0.831
1.383	5.173	0.838
1.384	5.181	0.845
1.385	5.188	0.852
1.386	5.195	0.859
1.387	5.202	0.866
1.388	5.209	0.873
1.389	5.216	0.880
1.390	5.223	0.887
1.391	5.230	0.894
1.392	5.237	0.902
1.393	5.244	0.909
1.394	5.250	0.916
1.395	5.257	0.924
1.396	5.264	0.931
1.397	5.270	0.939
1.398	5.277	0.946
1.399	5.283	0.954
1.400	5.290	0.962
1.401	5.296	0.969
1.402	5.302	0.977
1.403	5.309	0.985
1.404	5.315	0.993
1.405	5.321	1.000
1.406	5.327	1.008
1.407	5.333	1.016
1.408	5.339	1.024
1.409	5.345	1.032
1.410	5.351	1.040
1.411	5.357	1.048
1.412	5.363	1.057
1.413	5.369	1.065
1.414	5.374	1.073
1.415	5.380	1.081
1.416	5.386	1.089
1.417	5.391	1.098
1.418	5.397	1.106
1.419	5.402	1.115
1.420	5.408	1.123
1.421	5.413	1.131
1.422	5.418	1.140
1.423	5.423	1.148
1.424	5.429	1.157
1.425	5.434	1.166
1.426	5.439	1.174
1.427	5.444	1.183
1.428	5.449	1.192
1.429	5.453	1.200
1.430	5.458	1.209
1.431	5.463	1.218
1.432	5.468	1.227
1.433	5.472	1.236
1.434	5.477	1.245
1.435	5.481	1.254
1.436	5.486	1.262
1.437	5.490	1.271
1.438	5.494	1.280
1.439	5.499	1.290
1.440	5.503	1.299
1.441	5.507	1.308
1.442	5.511	1.317
1.443	5.515	1.326
1.444	5.519	1.335
1.445	5.523	1.344
1.446	5.527	1.354
1.447	5.531	1.363
1.448	5.534	1.372
1.449	5.538	1.381
1.450	5.542	1.391
1.451	5.545	1.400
1.452	5.549	1.410
1.453	5.552	1.419
1.454	5.555	1.428
1.455	5.559	1.438
1.456	5.562	1.447
1.457	5.565	1.457
1.458	5.568	1.466
1.459	5.571	1.476
1.460	5.574	1.485
1.461	5.577	1.495
1.462	5.580	1.505
1.463	5.583	1.514
1.464	5.585	1.524
1.465	5.588	1.533
1.466	5.591	1.543
1.467	5.593	1.553
1.468	5.596	1.562
1.469	5.598	1.572
1.470	5.600	1.582
1.471	5.602	1.592
1.472	5.605	1.601
1.473	5.607	1.611
1.474	5.609	1.621
1.475	5.611	1.631
1.476	5.613	1.641
1.477	5.615	1.650
1.478	5.616	1.660
1.479	5.618	1.670
1.480	5.620	1.680
1.481	5.621	1.690
1.482	5.623	1.700
1.483	5.624	1.710
1.484	5.626	1.719
1.485	5.627	1.729
1.486	5.628	1.739
1.487	5.630	1.749
1.488	5.631	1.759
1.489	5.632	1.769
1.490	5.633	1.779
1.491	5.634	1.789
1.492	5.635	1.799
1.493	5.636	1.809
1.494	5.636	1.819
1.495	5.637	1.829
1.496	5.638	1.839
1.497	5.638	1.849
1.498	5.639	1.859
1.499	5.639	1.869
1.500	5.639	1.879
1.501	5.640	1.889
1.502	5.640	1.899
1.503	5.640	1.909
1.504	5.640	1.919
1.505	5.640	1.929
1.506	5.640	1.939
1.507	5.640	1.949
1.508	5.640	1.959
1.509	5.639	1.969
1.510	5.639	1.979
1.511	5.639	1.989
1.512	5.638	1.999
1.513	5.638	2.009
1.514	5.637	2.019
1.515	5.636	2.029
1.516	5.636	2.039
1.517	5.635	2.049
1.518	5.634	2.059
1.519	5.633	2.069
1.520	5.632	2.079
1.521	5.631	2.088
1.522	5.630	2.098
1.523	5.629	2.108
1.524	5.627	2.118
1.525	5.626	2.128
1.526	5.625	2.138
1.527	5.623	2.148
1.528	5.622	2.158
1.529	5.620	2.168
1.530	5.619	2.178
1.531	5.617	2.187
1.532	5.615	2.197
1.533	5.613	2.207
1.534	5.611	2.217
1.535	5.609	2.227
1.536	5.607	2.237
1.537	5.605	2.246
1.538	5.603	2.256
1.539	5.601	2.266
1.540	5.598	2.276
1.541	5.596	2.285
1.542	5.594	2.295
1.543	5.591	2.305
1.544	5.589	2.314
1.545	5.586	2.324
1.546	5.583	2.334
1.547	5.581	2.343
1.548	5.578	2.353
1.549	5.575	2.362
1.550	5.572	2.372
1.551	5.569	2.381
1.552	5.566	2.391
1.553	5.563	2.400
1.554	5.559	2.410
1.555	5.556	2.419
1.556	5.553	2.429
1.557	5.549	2.438
1.558	5.546	2.448
1.559	5.543	2.457
1.560	5.539	2.466
1.561	5.535	2.476
1.562	5.532	2.485
1.563	5.528	2.494
1.564	5.524	2.503
1.565	5.520	2.513
1.566	5.516	2.522
1.567	5.512	2.531
1.568	5.508	2.540
1.569	5.504	2.549
1.570	5.500	2.558
1.571	5.496	2.567
1.572	5.491	2.576
1.573	5.487	2.585
1.574	5.482	2.594
1.575	5.478	2.603
1.576	5.473	2.612
1.577	5.469	2.621
1.578	5.464	2.630
1.579	5.459	2.639
1.580	5.455	2.647
1.581	5.450	2.656
1.582	5.445	2.665
1.583	5.440	2.674
1.584	5.435	2.682
1.585	5.430	2.691
1.586	5.425	2.699
1.587	5.419	2.708
1.588	5.414	2.717
1.589	5.409	2.725
1.590	5.403	2.733
1.591	5.398	2.742
1.592	5.393	2.750
1.593	5.387	2.759
1.594	5.381	2.767
1.595	5.376	2.775
1.596	5.370	2.783
1.597	5.364	2.792
1.598	5.359	2.800
1.599	5.353	2.808
1.600	5.347	2.816
1.601	5.341	2.824
1.602	5.335	2.832
1.603	5.329	2.840
1.604	5.323	2.848
1.605	5.316	2.856
1.606	5.310	2.863
1.607	5.304	2.871
1.608	5.298	2.879
1.609	5.291	2.887
1.610	5.285	2.894
1.611	5.278	2.902
1.612	5.272	2.909
1.613	5.265	2.917
1.614	5.259	2.924
1.615	5.252	2.932
1.616	5.245	2.939
1.617	5.238	2.947
1.618	5.232	2.954
1.619	5.225	2.961
1.620	5.218	2.968
1.621	5.211	2.976
1.622	5.204	2.983
1.623	5.197	2.990
1.624	5.189	2.997
1.625	5.182	3.004
1.626	5.175	3.011
1.627	5.168	3.017
1.628	5.161	3.024
1.629	5.153	3.031
1.630	5.146	3.038
1.631	5.138	3.045
1.632	5.131	3.051
1.633	5.123	3.058
1.634	5.116	3.064
1.635	5.108	3.071
1.636	5.100	3.077
1.637	5.093	3.084
1.638	5.085	3.090
1.639	5.077	3.096
1.640	5.069	3.102
1.641	5.062	3.109
1.642	5.054	3.115
1.643	5.046	3.121
1.644	5.038	3.127
1.645	5.030	3.133
1.646	5.022	3.139
1.647	5.013	3.144
1.648	5.005	3.150
1.649	4.997	3.156
1.650	4.989	3.162
1.651	4.981	3.167
1.652	4.972	3.173
1.653	4.964	3.178
1.654	4.956	3.184
1.655	4.947	3.189
1.656	4.939	3.195
1.657	4.930	3.200
1.658	4.922	3.205
1.659	4.913	3.210
1.660	4.905	3.215
1.661	4.896	3.221
1.662	4.887	3.226
1.663	4.879	3.230
1.664	4.870	3.235
1.665	4.861	3.240
1.666	4.852	3.245
1.667	4.844	3.250
1.668	4.835	3.254
1.669	4.826	3.259
1.670	4.817	3.264
1.671	4.808	3.268
1.672	4.799	3.272
1.673	4.790	3.277
1.674	4.781	3.281
1.675	4.772	3.285
1.676	4.763	3.290
1.677	4.754	3.294
1.678	4.745	3.298
1.679	4.736	3.302
1.680	4.726	3.306
1.681	4.717	3.310
1.682	4.708	3.313
1.683	4.699	3.317
1.684	4.689	3.321
1.685	4.680	3.324
1.686	4.671	3.328
1.687	4.661	3.332
1.688	4.652	3.335
1.689	4.642	3.338
1.690	4.633	3.342
1.691	4.624	3.345
1.692	4.614	3.348
1.693	4.605	3.351
1.694	4.595	3.354
1.695	4.586	3.357
1.696	4.576	3.360
1.697	4.566	3.363
1.698	4.557	3.366
1.699	4.547	3.369
1.700	4.538	3.371
1.701	4.528	3.374
1.702	4.518	3.377
1.703	4.509	3.379
1.704	4.499	3.381
1.705	4.489	3.384
1.706	4.479	3.386
1.707	4.470	3.388
1.708	4.460	3.390
1.709	4.450	3.393
1.710	4.440	3.395
1.711	4.431	3.397
1.712	4.421	3.398
1.713	4.411	3.400
1.714	4.401	3.402
1.715	4.391	3.404
1.716	4.381	3.405
1.717	4.371	3.407
1.718	4.362	3.409
1.719	4.352	3.410
1.720	4.342	3.411
1.721	4.332	3.413
1.722	4.322	3.414
1.723	4.312	3.415
1.724	4.302	3.416
1.725	4.292	3.417
1.726	4.282	3.418
1.727	4.272	3.419
1.728	4.262	3.420
1.729	4.252	3.421
1.730	4.242	3.422
1.731	4.232	3.422
1.732	4.222	3.423
1.733	4.212	3.423
1.734	4.202	3.424
1.735	4.192	3.424
1.736	4.182	3.424
1.737	4.172	3.425
1.738	4.162	3.425
1.739	4.152	3.425
1.740	4.142	3.425
1.741	4.170	3.425
1.742	4.160	3.425
1.743	4.150	3.425
1.744	4.140	3.425
1.745	4.130	3.425
1.746	4.120	3.425
1.747	4.110	3.425
1.748	4.100	3.425
1.749	4.090	3.425
1.750	4.080	3.425
1.751	4.070	3.425
1.752	4.060	3.425
1.753	4.050	3.425
1.754	4.040	3.425
1.755	4.030	3.425
1.756	4.020	3.425
1.757	4.010	3.425
1.758	4.000	3.425
1.759	3.990	3.425
1.760	3.980	3.425
1.761	3.970	3.425
1.762	3.960	3.425
1.763	3.950	3.425
1.764	3.940	3.425
1.765	3.930	3.425
1.766	3.920	3.425
1.767	3.910	3.425
1.768	3.900	3.425
1.769	3.890	3.425
1.770	3.880	3.425
1.771	3.870	3.425
1.772	3.860	3.425
1.773	3.850	3.425
1.774	3.840	3.425
1.775	3.830	3.425
1.776	3.820	3.425
1.777	3.810	3.425
1.778	3.800	3.425
1.779	3.790	3.425
1.780	3.780	3.425
1.781	3.770	3.425
1.782	3.760	3.425
1.783	3.750	3.425
1.784	3.740	3.425
1.785	3.730	3.425
1.786	3.720	3.425
1.787	3.710	3.425
1.788	3.700	3.425
1.789	3.690	3.425
1.790	3.680	3.425
1.791	3.670	3.425
1.792	3.660	3.425
1.793	3.650	3.425
1.794	3.640	3.425
1.795	3.630	3.425
1.796	3.620	3.425
1.797	3.610	3.425
1.798	3.600	3.425
1.799	3.590	3.425
1.800	3.580	3.425
1.801	3.570	3.425
1.802	3.560	3.425
1.803	3.550	3.425
1.804	3.540	3.425
1.805	3.530	3.425
1.806	3.520	3.425
1.807	3.510	3.425
1.808	3.500	3.425
1.809	3.490	3.425
1.810	3.480	3.425
1.811	3.470	3.425
1.812	3.460	3.425
1.813	3.450	3.425
1.814	3.440	3.425
1.815	3.430	3.425
1.816	3.420	3.425
1.817	3.410	3.425
1.818	3.400	3.425
1.819	3.390	3.425
1.820	3.380	3.425
1.821	3.370	3.425
1.822	3.360	3.425
1.823	3.350	3.425
1.824	3.340	3.425
1.825	3.330	3.425
1.826	3.320	3.425
1.827	3.310	3.425
1.828	3.300	3.425
1.829	3.290	3.425
1.830	3.280	3.425
1.831	3.270	3.425
1.832	3.260	3.425
1.833	3.250	3.425
1.834	3.240	3.425
1.835	3.230	3.425
1.836	3.220	3.425
1.837	3.210	3.425
1.838	3.200	3.425
1.839	3.190	3.425
1.840	3.180	3.425
1.841	3.170	3.425
1.842	3.160	3.425
1.843	3.150	3.425
1.844	3.140	3.425
1.845	3.130	3.425
1.846	3.120	3.425
1.847	3.110	3.425
1.848	3.100	3.425
1.849	3.090	3.425
1.850	3.080	3.425
1.851	3.070	3.425
1.852	3.060	3.425
1.853	3.050	3.425
1.854	3.040	3.425
1.855	3.030	3.425
1.856	3.020	3.425
1.857	3.010	3.425
1.858	3.000	3.425
1.859	2.990	3.425
1.860	2.980	3.425
1.861	2.970	3.425
1.862	2.960	3.425
1.863	2.950	3.425
1.864	2.940	3.425
1.865	2.930	3.425
1.866	2.920	3.425
1.867	2.910	3.425
1.868	2.900	3.425
1.869	2.890	3.425
1.870	2.880	3.425
1.871	2.870	3.425
1.872	2.860	3.425
1.873	2.850	3.425
1.874	2.840	3.425
1.875	2.830	3.425
1.876	2.820	3.425
1.877	2.810	3.425
1.878	2.800	3.425
1.879	2.790	3.425
1.880	2.780	3.425
1.881	2.770	3.425
1.882	2.760	3.425
1.883	2.750	3.425
1.884	2.740	3.425
1.885	2.730	3.425
1.886	2.720	3.425
1.887	2.710	3.425
1.888	2.700	3.425
1.889	2.690	3.425
1.890	2.680	3.425
1.891	2.670	3.425
1.892	2.660	3.425
1.893	2.650	3.425
1.894	2.640	3.425
1.895	2.630	3.425
1.896	2.620	3.425
1.897	2.610	3.425
1.898	2.600	3.425
1.899	2.590	3.425
1.900	2.580	3.425
1.901	2.570	3.425
1.902	2.560	3.425
1.903	2.550	3.425
1.904	2.540	3.425
1.905	2.530	3.425
1.906	2.520	3.425
1.907	2.510	3.425
1.908	2.500	3.425
1.909	2.490	3.425
1.910	2.480	3.425
1.911	2.470	3.425
1.912	2.460	3.425
1.913	2.450	3.425
1.914	2.440	3.425
1.915	2.430	3.425
1.916	2.420	3.425
1.917	2.410	3.425
1.918	2.400	3.425
1.919	2.390	3.425
1.920	2.380	3.425
1.921	2.370	3.425
1.922	2.360	3.425
1.923	2.350	3.425
1.924	2.340	3.425
1.925	2.330	3.425
1.926	2.320	3.425
1.927	2.310	3.425
1.928	2.300	3.425
1.929	2.290	3.425
1.930	2.280	3.425
1.931	2.270	3.425
1.932	2.260	3.425
1.933	2.250	3.425
1.934	2.240	3.425
1.935	2.230	3.425
1.936	2.220	3.425
1.937	2.210	3.425
1.938	2.200	3.425
1.939	2.190	3.425
1.940	2.180	3.425
1.941	2.170	3.425
1.942	2.160	3.425
1.943	2.150	3.425
1.944	2.140	3.425
1.945	2.130	3.425
1.946	2.120	3.425
1.947	2.110	3.425
1.948	2.100	3.425
1.949	2.090	3.425
1.950	2.080	3.425
1.951	2.070	3.425
1.952	2.060	3.425
1.953	2.050	3.425
1.954	2.040	3.425
1.955	2.030	3.425
1.956	2.020	3.425
1.957	2.010	3.425
1.958	2.000	3.425
1.959	1.990	3.425
1.960	1.980	3.425
1.961	1.970	3.425
1.962	1.960	3.425
1.963	1.950	3.425
1.964	1.940	3.425
1.965	1.930	3.425
1.966	1.920	3.425
1.967	1.910	3.425
1.968	1.900	3.425
1.969	1.890	3.425
1.970	1.880	3.425
1.971	1.870	3.425
1.972	1.860	3.425
1.973	1.850	3.425
1.974	1.840	3.425
1.975	1.830	3.425
1.976	1.820	3.425
1.977	1.810	3.425
1.978	1.800	3.425
1.979	1.790	3.425
1.980	1.780	3.425
1.981	1.770	3.425
1.982	1.760	3.425
1.983	1.750	3.425
1.984	1.740	3.425
1.985	1.730	3.425
1.986	1.720	3.425
1.987	1.710	3.425
1.988	1.700	3.425
1.989	1.690	3.425
1.990	1.680	3.425
1.991	1.670	3.425
1.992	1.660	3.425
1.993	1.650	3.425
1.994	1.640	3.425
1.995	1.630	3.425
1.996	1.620	3.425
1.997	1.610	3.425
1.998	1.600	3.425
1.999	1.590	3.425
1.1000	1.580	3.425
1.1001	1.570	3.425
1.1002	1.560	3.425
1.1003	1.550	3.425
1.1004	1.540	3.425
1.1005	1.530	3.425
1.1006	1.520	3.425
1.1007	1.510	3.425
1.1008	1.500	3.425
1.1009	1.530	3.425
1.1010	1.520	3.425
1.1011	1.510	3.425
1.1012	1.500	3.425
1.1013	1.490	3.424
1.1014	1.480	3.424
1.1015	1.470	3.424
1.1016	1.460	3.423
1.1017	1.450	3.423
1.1018	1.440	3.422
1.1019	1.430	3.422
1.1020	1.420	3.421
1.1021	1.410	3.420
1.1022	1.400	3.419
1.1023	1.390	3.418
1.1024	1.380	3.418
1.1025	1.370	3.416
1.1026	1.360	3.415
1.1027	1.350	3.414
1.1028	1.341	3.413
1.1029	1.331	3.412
1.1030	1.321	3.410
1.1031	1.311	3.409
1.1032	1.301	3.407
1.1033	1.291	3.406
1.1034	1.281	3.404
1.1035	1.271	3.403
1.1036	1.261	3.401
1.1037	1.252	3.399
1.1038	1.242	3.397
1.1039	1.232	3.395
1.1040	1.222	3.393
1.1041	1.212	3.391
1.1042	1.203	3.389
1.1043	1.193	3.387
1.1044	1.183	3.384
1.1045	1.173	3.382
1.1046	1.164	3.380
1.1047	1.154	3.377
1.1048	1.144	3.375
1.1049	1.135	3.372
1.1050	1.125	3.369
1.1051	1.115	3.367
1.1052	1.106	3.364
1.1053	1.096	3.361
1.1054	1.087	3.358
1.1055	1.077	3.355
1.1056	1.068	3.352
1.1057	1.058	3.349
1.1058	1.049	3.346
1.1059	1.039	3.342
1.1060	1.030	3.339
1.1061	1.020	3.336
1.1062	1.011	3.332
1.1063	1.002	3.329
1.1064	0.992	3.325
1.1065	0.983	3.322
1.1066	0.974	3.318
1.1067	0.964	3.314
1.1068	0.955	3.310
1.1069	0.946	3.307
1.1070	0.937	3.303
1.1071	0.928	3.299
1.1072	0.918	3.295
1.1073	0.909	3.291
1.1074	0.900	3.286
1.1075	0.891	3.282
1.1076	0.882	3.278
1.1077	0.873	3.273
1.1078	0.864	3.269
1.1079	0.855	3.265
1.1080	0.846	3.260
1.1081	0.837	3.255
1.1082	0.828	3.251
1.1083	0.820	3.246
1.1084	0.811	3.241
1.1085	0.802	3.237
1.1086	0.793	3.232
1.1087	0.785	3.227
1.1088	0.776	3.222
1.1089	0.767	3.217
1.1090	0.759	3.212
1.1091	0.750	3.206
1.1092	0.742	3.201
1.1093	0.733	3.196
1.1094	0.725	3.191
1.1095	0.716	3.185
1.1096	0.708	3.180
1.1097	0.700	3.174
1.1098	0.691	3.169
1.1099	0.683	3.163
1.1100	0.675	3.157
1.1101	0.667	3.152
1.1102	0.658	3.146
1.1103	0.650	3.140
1.1104	0.642	3.134
1.1105	0.634	3.128
1.1106	0.626	3.122
1.1107	0.618	3.116
1.1108	0.610	3.110
1.1109	0.602	3.104
1.1110	0.595	3.098
1.1111	0.587	3.091
1.1112	0.579	3.085
1.1113	0.571	3.079
1.1114	0.564	3.072
1.1115	0.556	3.066
1.1116	0.548	3.059
1.1117	0.541	3.053
1.1118	0.533	3.046
1.1119	0.526	3.039
1.1120	0.519	3.033
1.1121	0.511	3.026
1.1122	0.504	3.019
1.1123	0.497	3.012
1.1124	0.489	3.005
1.1125	0.482	2.998
1.1126	0.475	2.991
1.1127	0.468	2.984
1.1128	0.461	2.977
1.1129	0.454	2.970
1.1130	0.447	2.963
1.1131	0.440	2.956
1.1132	0.433	2.948
1.1133	0.426	2.941
1.1134	0.420	2.934
1.1135	0.413	2.926
1.1136	0.406	2.919
1.1137	0.400	2.911
1.1138	0.393	2.904
1.1139	0.387	2.896
1.1140	0.380	2.888
1.1141	0.374	2.881
1.1142	0.368	2.873
1.1143	0.361	2.865
1.1144	0.355	2.857
1.1145	0.349	2.850
1.1146	0.343	2.842
1.1147	0.337	2.834
1.1148	0.331	2.826
1.1149	0.325	2.818
1.1150	0.319	2.810
1.1151	0.313	2.802
1.1152	0.307	2.793
1.1153	0.301	2.785
1.1154	0.296	2.777
1.1155	0.290	2.769
1.1156	0.284	2.761
1.1157	0.279	2.752
1.1158	0.273	2.744
1.1159	0.268	2.735
1.1160	0.262	2.727
1.1161	0.257	2.719
1.1162	0.252	2.710
1.1163	0.247	2.702
1.1164	0.241	2.693
1.1165	0.236	2.684
1.1166	0.231	2.676
1.1167	0.226	2.667
1.1168	0.221	2.658
1.1169	0.217	2.650
1.1170	0.212	2.641
1.1171	0.207	2.632
1.1172	0.202	2.623
1.1173	0.198	2.614
1.1174	0.193	2.605
1.1175	0.189	2.596
1.1176	0.184	2.588
1.1177	0.180	2.579
1.1178	0.176	2.570
1.1179	0.171	2.560
1.1180	0.167	2.551
1.1181	0.163	2.542
1.1182	0.159	2.533
1.1183	0.155	2.524
1.1184	0.151	2.515
1.1185	0.147	2.506
1.1186	0.143	2.496
1.1187	0.139	2.487
1.1188	0.136	2.478
1.1189	0.132	2.469
1.1190	0.128	2.459
1.1191	0.125	2.450
1.1192	0.121	2.440
1.1193	0.118	2.431
1.1194	0.115	2.422
1.1195	0.111	2.412
1.1196	0.108	2.403
1.1197	0.105	2.393
1.1198	0.102	2.384
1.1199	0.099	2.374
1.1200	0.096	2.365
1.1201	0.093	2.355
1.1202	0.090	2.345
1.1203	0.087	2.336
1.1204	0.085	2.326
1.1205	0.082	2.317
1.1206	0.079	2.307
1.1207	0.077	2.297
1.1208	0.074	2.288
1.1209	0.072	2.278
1.1210	0.070	2.268
1.1211	0.068	2.258
1.1212	0.065	2.249
1.1213	0.063	2.239
1.1214	0.061	2.229
1.1215	0.059	2.219
1.1216	0.057	2.209
1.1217	0.055	2.200
1.1218	0.054	2.190
1.1219	0.052	2.180
1.1220	0.050	2.170
1.1221	0.049	2.160
1.1222	0.047	2.150
1.1223	0.046	2.140
1.1224	0.044	2.131
1.1225	0.043	2.121
1.1226	0.042	2.111
1.1227	0.040	2.101
1.1228	0.039	2.091
1.1229	0.038	2.081
1.1230	0.037	2.071
1.1231	0.036	2.061
1.1232	0.035	2.051
1.1233	0.034	2.041
1.1234	0.034	2.031
1.1235	0.033	2.021
1.1236	0.032	2.011
1.1237	0.032	2.001
1.1238	0.031	1.991
1.1239	0.031	1.981
1.1240	0.031	1.971
1.1241	0.030	1.961
1.1242	0.030	1.951
1.1243	0.030	1.941
1.1244	0.030	1.931
1.1245	0.030	1.921
1.1246	0.030	1.911
1.1247	0.030	1.901
1.1248	0.030	1.891
1.1249	0.031	1.881
1.1250	0.031	1.871
1.1251	0.031	1.861
1.1252	0.032	1.851
1.1253	0.032	1.841
1.1254	0.033	1.831
1.1255	0.034	1.821
1.1256	0.034	1.811
1.1257	0.035	1.801
1.1258	0.036	1.791
1.1259	0.037	1.781
1.1260	0.038	1.771
1.1261	0.039	1.762
1.1262	0.040	1.752
1.1263	0.041	1.742
1.1264	0.043	1.732
1.1265	0.044	1.722
1.1266	0.045	1.712
1.1267	0.047	1.702
1.1268	0.048	1.692
1.1269	0.050	1.682
1.1270	0.051	1.672
1.1271	0.053	1.663
1.1272	0.055	1.653
1.1273	0.057	1.643
1.1274	0.059	1.633
1.1275	0.061	1.623
1.1276	0.063	1.613
1.1277	0.065	1.604
1.1278	0.067	1.594
1.1279	0.069	1.584
1.1280	0.072	1.574
1.1281	0.074	1.565
1.1282	0.076	1.555
1.1283	0.079	1.545
1.1284	0.081	1.536
1.1285	0.084	1.526
1.1286	0.087	1.516
1.1287	0.089	1.507
1.1288	0.092	1.497
1.1289	0.095	1.488
1.1290	0.098	1.478
1.1291	0.101	1.469
1.1292	0.104	1.459
1.1293	0.107	1.450
1.1294	0.111	1.440
1.1295	0.114	1.431
1.1296	0.117	1.421
1.1297	0.121	1.412
1.1298	0.124	1.402
1.1299	0.127	1.393
1.1300	0.131	1.384
1.1301	0.135	1.374
1.1302	0.138	1.365
1.1303	0.142	1.356
1.1304	0.146	1.347
1.1305	0.150	1.337
1.1306	0.154	1.328
1.1307	0.158	1.319
1.1308	0.162	1.310
1.1309	0.166	1.301
1.1310	0.170	1.292
1.1311	0.174	1.283
1.1312	0.179	1.274
1.1313	0.183	1.265
1.1314	0.188	1.256
1.1315	0.192	1.247
1.1316	0.197	1.238
1.1317	0.201	1.229
1.1318	0.206	1.220
1.1319	0.211	1.211
1.1320	0.215	1.203
1.1321	0.220	1.194
1.1322	0.225	1.185
1.1323	0.230	1.176
1.1324	0.235	1.168
1.1325	0.240	1.159
1.1326	0.245	1.151
1.1327	0.251	1.142
1.1328	0.256	1.133
1.1329	0.261	1.125
1.1330	0.267	1.117
1.1331	0.272	1.108
1.1332	0.277	1.100
1.1333	0.283	1.091
1.1334	0.289	1.083
1.1335	0.294	1.075
1.1336	0.300	1.067
1.1337	0.306	1.058
1.1338	0.311	1.050
1.1339	0.317	1.042
1.1340	0.323	1.034
1.1341	0.329	1.026
1.1342	0.335	1.018
1.1343	0.341	1.010
1.1344	0.347	1.002
1.1345	0.354	0.994
1.1346	0.360	0.987
1.1347	0.366	0.979
1.1348	0.372	0.971
1.1349	0.379	0.963
1.1350	0.385	0.956
1.1351	0.392	0.948
1.1352	0.398	0.941
1.1353	0.405	0.933
1.1354	0.411	0.926
1.1355	0.418	0.918
1.1356	0.425	0.911
1.1357	0.432	0.903
1.1358	0.438	0.896
1.1359	0.445	0.889
1.1360	0.452	0.882
1.1361	0.459	0.874
1.1362	0.466	0.867
1.1363	0.473	0.860
1.1364	0.481	0.853
1.1365	0.488	0.846
1.1366	0.495	0.839
1.1367	0.502	0.833
1.1368	0.509	0.826
1.1369	0.517	0.819
1.1370	0.524	0.812
1.1371	0.532	0.805
1.1372	0.539	0.799
1.1373	0.547	0.792
1.1374	0.554	0.786
1.1375	0.562	0.779
1.1376	0.570	0.773
1.1377	0.577	0.766
1.1378	0.585	0.760
1.1379	0.593	0.754
1.1380	0.601	0.748
1.1381	0.608	0.741
1.1382	0.616	0.735
1.1383	0.624	0.729
1.1384	0.632	0.723
1.1385	0.640	0.717
1.1386	0.648	0.711
1.1387	0.657	0.706
1.1388	0.665	0.700
1.1389	0.673	0.694
1.1390	0.681	0.688
1.1391	0.689	0.683
1.1392	0.698	0.677
1.1393	0.706	0.672
1.1394	0.714	0.666
1.1395	0.723	0.661
1.1396	0.731	0.655
1.1397	0.740	0.650
1.1398	0.748	0.645
1.1399	0.757	0.640
1.1400	0.765	0.635
1.1401	0.774	0.629
1.1402	0.783	0.624
1.1403	0.791	0.620
1.1404	0.800	0.615
1.1405	0.809	0.610
1.1406	0.818	0.605
1.1407	0.826	0.600
1.1408	0.835	0.596
1.1409	0.844	0.591
1.1410	0.853	0.586
1.1411	0.862	0.582
1.1412	0.871	0.578
1.1413	0.880	0.573
1.1414	0.889	0.569
1.1415	0.898	0.565
1.1416	0.907	0.560
1.1417	0.916	0.556
1.1418	0.925	0.552
1.1419	0.934	0.548
1.1420	0.944	0.544
1.1421	0.953	0.540
1.1422	0.962	0.537
1.1423	0.971	0.533
1.1424	0.981	0.529
1.1425	0.990	0.526
1.1426	0.999	0.522
1.1427	1.009	0.518
1.1428	1.018	0.515
1.1429	1.028	0.512
1.1430	1.037	0.508
1.1431	1.046	0.505
1.1432	1.056	0.502
1.1433	1.065	0.499
1.1434	1.075	0.496
1.1435	1.084	0.493
1.1436	1.094	0.490
1.1437	1.104	0.487
1.1438	1.113	0.484
1.1439	1.123	0.481
1.1440	1.132	0.479
1.1441	1.142	0.476
1.1442	1.152	0.473
1.1443	1.161	0.471
1.1444	1.171	0.469
1.1445	1.181	0.466
1.1446	1.191	0.464
1.1447	1.200	0.462
1.1448	1.210	0.460
1.1449	1.220	0.457
1.1450	1.230	0.455
1.1451	1.239	0.453
1.1452	1.249	0.452
1.1453	1.259	0.450
1.1454	1.269	0.448
1.1455	1.279	0.446
1.1456	1.289	0.445
1.1457	1.299	0.443
1.1458	1.308	0.441
1.1459	1.318	0.440
1.1460	1.328	0.439
1.1461	1.338	0.437
1.1462	1.348	0.436
1.1463	1.358	0.435
1.1464	1.368	0.434
1.1465	1.378	0.433
1.1466	1.388	0.432
1.1467	1.398	0.431
1.1468	1.408	0.430
1.1469	1.418	0.429
1.1470	1.428	0.428
1.1471	1.438	0.428
1.1472	1.448	0.427
1.1473	1.458	0.427
1.1474	1.468	0.426
1.1475	1.478	0.426
1.1476	1.488	0.426
1.1477	1.498	0.425
1.1478	1.508	0.425
1.1479	1.518	0.425
1.1480	1.528	0.425
